K = [

    1.5811    1.5744   -1.5879    5.8709    5.1647   -5.8960  -29.3700  -29.4971    0.0010   -5.3576    0.0003   -5.3341;
   -0.0001   -0.0000   -0.0000   -0.0004   -0.0000   -0.0000    0.0019   -0.0000   15.8114   -0.0000    5.0777    0.0003;
    1.5811    1.5879    1.5744    5.8709    5.2091    5.8459  -29.3700   29.2490    0.0010    5.3139    0.0003   -5.3341;
   -0.0001   -0.0000   -0.0000   -0.0004   -0.0000   -0.0000    0.0019   -0.0000   15.8114   -0.0000    5.0777    0.0003;
   -1.5811    1.5879    1.5744   -5.8709    5.2091    5.8459   29.3700   29.2490   -0.0010    5.3139   -0.0003    5.3341;
   -0.0001   -0.0000   -0.0000   -0.0004   -0.0000   -0.0000    0.0019   -0.0000   15.8114   -0.0000    5.0777    0.0003;
   -1.5811    1.5744   -1.5879   -5.8709    5.1647   -5.8960   29.3700  -29.4971   -0.0010   -5.3576   -0.0003    5.3341;
   -0.0001   -0.0000   -0.0000   -0.0004   -0.0000   -0.0000    0.0019   -0.0000   15.8114   -0.0000    5.0777    0.0003]
